2,8 3,2 ROGERS 2 -0,525678488588149 
3,4 6,4 DODGE 3 0,839362045712895 
2,2 3,3 ROGERS 1 -1,89071902288919 
3,2 3 ROGERS 3 0,384348534279214 
3 3,2 ROGERS 3 -0,0706649771544675 
2,7 2,7 ROGERS 2 -0,753185244304989 
2,5 3,9 ROGERS 2 -1,20819875573867 
3 2,3 HIGHLAND 3 -0,0706649771544675 
3,2 1,9 HIGHLAND 3 0,384348534279214 
2,8 3,3 ROGERS 2 -0,525678488588149 
3,4 2,4 HIGHLAND 3 0,839362045712895 
3,8 1,1 HIGHLAND 4 1,74938906858026 
3,3 3,1 ROGERS 3 0,611855289996054 
3,3 2,1 HIGHLAND 3 0,611855289996054 
3 1,2 HIGHLAND 3 -0,0706649771544675 
2,5 3,3 HIGHLAND 2 -1,20819875573867 
3 2,6 HIGHLAND 3 -0,0706649771544675 
3,2 3,1 ROGERS 3 0,384348534279214 
3,2 3,3 ROGERS 3 0,384348534279214 
2,8 3,8 ROGERS 2 -0,525678488588149 
3 2,7 HIGHLAND 3 -0,0706649771544675 
2,4 4 ROGERS 1 -1,43570551145551 
2,5 2,8 HIGHLAND 2 -1,20819875573867 
3,2 2,5 HIGHLAND 3 0,384348534279214 
3 3,3 ROGERS 3 -0,0706649771544675 
3,8 1,4 HIGHLAND 4 1,74938906858026 
3,2 6,5 DODGE 3 0,384348534279214 
3,3 2,1 HIGHLAND 3 0,611855289996054 
2,6 3,8 ROGERS 2 -0,98069200002183 
2,8 1,1 HIGHLAND 2 -0,525678488588149 
2,7 2,9 HIGHLAND 2 -0,753185244304989 
2,6 3,4 ROGERS 2 -0,98069200002183 
3,2 1,8 HIGHLAND 3 0,384348534279214 
3 6,4 DODGE 3 -0,0706649771544675 
3,8 6,2 DODGE 4 1,74938906858026 
3 2,9 HIGHLAND 3 -0,0706649771544675 
3,4 5,9 DODGE 3 0,839362045712895 
3 6,2 DODGE 3 -0,0706649771544675 
3,2 6,6 DODGE 3 0,384348534279214 
2,6 2,2 HIGHLAND 2 -0,98069200002183 
2,8 2,2 HIGHLAND 2 -0,525678488588149 
3 6,7 DODGE 3 -0,0706649771544675 
4 6,6 DODGE 5 2,20440258001394 
3,8 5,9 DODGE 4 1,74938906858026 
3,1 3,4 ROGERS 3 0,156841778562373 
2,8 3 HIGHLAND 2 -0,525678488588149 
3 6,4 DODGE 3 -0,0706649771544675 
3,5 6,4 DODGE 4 1,06686880142974 
3 3,3 ROGERS 3 -0,0706649771544675 
2,7 3,7 ROGERS 2 -0,753185244304989 
3,4 6,2 DODGE 3 0,839362045712895 
3,2 6,4 DODGE 3 0,384348534279214 
2,9 3,3 ROGERS 2 -0,298171732871308 
2,6 4,3 ROGERS 2 -0,98069200002183 
4,4 6,3 DODGE 5 3,1144296028813 
3,6 6,4 DODGE 4 1,29437555714658 
3 1,7 HIGHLAND 3 -0,0706649771544675 
3,4 2,2 HIGHLAND 3 0,839362045712895 
2,7 2,7 HIGHLAND 2 -0,753185244304989 
2,9 3,6 ROGERS 2 -0,298171732871308 
3 2 HIGHLAND 3 -0,0706649771544675 
3 1,9 HIGHLAND 3 -0,0706649771544675 
3,1 2,3 HIGHLAND 3 0,156841778562373 
3 3 HIGHLAND 3 -0,0706649771544675 
2,9 2,2 HIGHLAND 2 -0,298171732871308 
2,4 4,5 ROGERS 1 -1,43570551145551 
2,7 3,6 ROGERS 2 -0,753185244304989 
3 3,6 ROGERS 3 -0,0706649771544675 
4,2 6,4 DODGE 5 2,65941609144762 
3,1 6,3 DODGE 3 0,156841778562373 
2,6 0,9 HIGHLAND 2 -0,98069200002183 
2,2 2,8 HIGHLAND 1 -1,89071902288919 
3,9 6,1 DODGE 4 1,9768958242971 
2,9 3,2 ROGERS 2 -0,298171732871308 
2,7 3,9 ROGERS 2 -0,753185244304989 
3,4 3,3 ROGERS 3 0,839362045712895 
3,4 6,3 DODGE 3 0,839362045712895 
2,9 6,4 DODGE 2 -0,298171732871308 
2 4,3 ROGERS 1 -2,34573253432287 
2,4 4,1 ROGERS 1 -1,43570551145551 
2,7 3,9 ROGERS 2 -0,753185244304989 
3,2 6,5 DODGE 3 0,384348534279214 
3,1 6,3 DODGE 3 0,156841778562373 
3,2 2,1 HIGHLAND 3 0,384348534279214 
2,9 3,5 ROGERS 2 -0,298171732871308 
2,8 1,7 HIGHLAND 2 -0,525678488588149 
3 3,6 ROGERS 3 -0,0706649771544675 
3,4 6,3 DODGE 3 0,839362045712895 
3,5 6,5 DODGE 4 1,06686880142974 
2,8 2,9 HIGHLAND 2 -0,525678488588149 
2,2 3,8 ROGERS 1 -1,89071902288919 
2,9 1,5 HIGHLAND 2 -0,298171732871308 
2,5 2 HIGHLAND 2 -1,20819875573867 
3,1 6,3 DODGE 3 0,156841778562373 
3,1 3,1 ROGERS 3 0,156841778562373 
2,3 3,4 ROGERS 1 -1,66321226717235 
3,7 6,3 DODGE 4 1,52188231286342 
3 3,7 ROGERS 3 -0,0706649771544675 
2,5 2,9 ROGERS 2 -1,20819875573867 
2,8 3,1 ROGERS 2 -0,525678488588149 
2,9 3,5 ROGERS 2 -0,298171732871308 
2,5 4,8 ROGERS 2 -1,20819875573867 
2,8 3,7 ROGERS 2 -0,525678488588149 
3 2 HIGHLAND 3 -0,0706649771544675 
3,1 2,4 HIGHLAND 3 0,156841778562373 
3,9 6,5 DODGE 4 1,9768958242971 
3,5 6,4 DODGE 4 1,06686880142974 
3,6 1,7 HIGHLAND 4 1,29437555714658 
3,2 2,7 HIGHLAND 3 0,384348534279214 
2,9 3,1 ROGERS 2 -0,298171732871308 
2,9 4,2 ROGERS 2 -0,298171732871308 
3,1 2,9 ROGERS 3 0,156841778562373 
2,7 2,5 HIGHLAND 2 -0,753185244304989 
3 2,3 HIGHLAND 3 -0,0706649771544675 
2,5 3,8 ROGERS 2 -1,20819875573867 
3,4 6,2 DODGE 3 0,839362045712895 
3 6,4 DODGE 3 -0,0706649771544675 
2,3 6,5 DODGE 1 -1,66321226717235 
2,5 2,8 HIGHLAND 2 -1,20819875573867 
3,8 6,1 DODGE 4 1,74938906858026 
3,8 6,3 DODGE 4 1,74938906858026 
2,3 3,8 ROGERS 1 -1,66321226717235 
3 3,4 ROGERS 3 -0,0706649771544675 
2,8 3 ROGERS 2 -0,525678488588149 
3,4 6,1 DODGE 3 0,839362045712895 
3,7 6,3 DODGE 4 1,52188231286342 
3,5 6,3 DODGE 4 1,06686880142974 
2,8 2,7 HIGHLAND 2 -0,525678488588149 
3 2,8 ROGERS 3 -0,0706649771544675 
3,3 1,8 HIGHLAND 3 0,611855289996054 
3,7 6,3 DODGE 4 1,52188231286342 
2,3 4,5 ROGERS 1 -1,66321226717235 
