2,8 3,2 ROGERS -0,525678488588149 1 
3,4 6,4 DODGE 0,839362045712895 2 
2,2 3,3 ROGERS -1,89071902288919 3 
3,2 3 ROGERS 0,384348534279214 4 
3 3,2 ROGERS -0,0706649771544675 5 
2,7 2,7 ROGERS -0,753185244304989 6 
2,5 3,9 ROGERS -1,20819875573867 7 
3 2,3 HIGHLAND -0,0706649771544675 5 
3,2 1,9 HIGHLAND 0,384348534279214 4 
2,8 3,3 ROGERS -0,525678488588149 1 
3,4 2,4 HIGHLAND 0,839362045712895 2 
3,8 1,1 HIGHLAND 1,74938906858026 8 
3,3 3,1 ROGERS 0,611855289996054 9 
3,3 2,1 HIGHLAND 0,611855289996054 9 
3 1,2 HIGHLAND -0,0706649771544675 5 
2,5 3,3 HIGHLAND -1,20819875573867 7 
3 2,6 HIGHLAND -0,0706649771544675 5 
3,2 3,1 ROGERS 0,384348534279214 4 
3,2 3,3 ROGERS 0,384348534279214 4 
2,8 3,8 ROGERS -0,525678488588149 1 
3 2,7 HIGHLAND -0,0706649771544675 5 
2,4 4 ROGERS -1,43570551145551 10 
2,5 2,8 HIGHLAND -1,20819875573867 7 
3,2 2,5 HIGHLAND 0,384348534279214 4 
3 3,3 ROGERS -0,0706649771544675 5 
3,8 1,4 HIGHLAND 1,74938906858026 8 
3,2 6,5 DODGE 0,384348534279214 4 
3,3 2,1 HIGHLAND 0,611855289996054 9 
2,6 3,8 ROGERS -0,98069200002183 11 
2,8 1,1 HIGHLAND -0,525678488588149 1 
2,7 2,9 HIGHLAND -0,753185244304989 6 
2,6 3,4 ROGERS -0,98069200002183 11 
3,2 1,8 HIGHLAND 0,384348534279214 4 
3 6,4 DODGE -0,0706649771544675 5 
3,8 6,2 DODGE 1,74938906858026 8 
3 2,9 HIGHLAND -0,0706649771544675 5 
3,4 5,9 DODGE 0,839362045712895 2 
3 6,2 DODGE -0,0706649771544675 5 
3,2 6,6 DODGE 0,384348534279214 4 
2,6 2,2 HIGHLAND -0,98069200002183 11 
2,8 2,2 HIGHLAND -0,525678488588149 1 
3 6,7 DODGE -0,0706649771544675 5 
4 6,6 DODGE 2,20440258001394 12 
3,8 5,9 DODGE 1,74938906858026 8 
3,1 3,4 ROGERS 0,156841778562373 13 
2,8 3 HIGHLAND -0,525678488588149 1 
3 6,4 DODGE -0,0706649771544675 5 
3,5 6,4 DODGE 1,06686880142974 14 
3 3,3 ROGERS -0,0706649771544675 5 
2,7 3,7 ROGERS -0,753185244304989 6 
3,4 6,2 DODGE 0,839362045712895 2 
3,2 6,4 DODGE 0,384348534279214 4 
2,9 3,3 ROGERS -0,298171732871308 15 
2,6 4,3 ROGERS -0,98069200002183 11 
4,4 6,3 DODGE 3,1144296028813 16 
3,6 6,4 DODGE 1,29437555714658 17 
3 1,7 HIGHLAND -0,0706649771544675 5 
3,4 2,2 HIGHLAND 0,839362045712895 2 
2,7 2,7 HIGHLAND -0,753185244304989 6 
2,9 3,6 ROGERS -0,298171732871308 15 
3 2 HIGHLAND -0,0706649771544675 5 
3 1,9 HIGHLAND -0,0706649771544675 5 
3,1 2,3 HIGHLAND 0,156841778562373 13 
3 3 HIGHLAND -0,0706649771544675 5 
2,9 2,2 HIGHLAND -0,298171732871308 15 
2,4 4,5 ROGERS -1,43570551145551 10 
2,7 3,6 ROGERS -0,753185244304989 6 
3 3,6 ROGERS -0,0706649771544675 5 
4,2 6,4 DODGE 2,65941609144762 18 
3,1 6,3 DODGE 0,156841778562373 13 
2,6 0,9 HIGHLAND -0,98069200002183 11 
2,2 2,8 HIGHLAND -1,89071902288919 3 
3,9 6,1 DODGE 1,9768958242971 19 
2,9 3,2 ROGERS -0,298171732871308 15 
2,7 3,9 ROGERS -0,753185244304989 6 
3,4 3,3 ROGERS 0,839362045712895 2 
3,4 6,3 DODGE 0,839362045712895 2 
2,9 6,4 DODGE -0,298171732871308 15 
2 4,3 ROGERS -2,34573253432287 20 
2,4 4,1 ROGERS -1,43570551145551 10 
2,7 3,9 ROGERS -0,753185244304989 6 
3,2 6,5 DODGE 0,384348534279214 4 
3,1 6,3 DODGE 0,156841778562373 13 
3,2 2,1 HIGHLAND 0,384348534279214 4 
2,9 3,5 ROGERS -0,298171732871308 15 
2,8 1,7 HIGHLAND -0,525678488588149 1 
3 3,6 ROGERS -0,0706649771544675 5 
3,4 6,3 DODGE 0,839362045712895 2 
3,5 6,5 DODGE 1,06686880142974 14 
2,8 2,9 HIGHLAND -0,525678488588149 1 
2,2 3,8 ROGERS -1,89071902288919 3 
2,9 1,5 HIGHLAND -0,298171732871308 15 
2,5 2 HIGHLAND -1,20819875573867 7 
3,1 6,3 DODGE 0,156841778562373 13 
3,1 3,1 ROGERS 0,156841778562373 13 
2,3 3,4 ROGERS -1,66321226717235 21 
3,7 6,3 DODGE 1,52188231286342 22 
3 3,7 ROGERS -0,0706649771544675 5 
2,5 2,9 ROGERS -1,20819875573867 7 
2,8 3,1 ROGERS -0,525678488588149 1 
2,9 3,5 ROGERS -0,298171732871308 15 
2,5 4,8 ROGERS -1,20819875573867 7 
2,8 3,7 ROGERS -0,525678488588149 1 
3 2 HIGHLAND -0,0706649771544675 5 
3,1 2,4 HIGHLAND 0,156841778562373 13 
3,9 6,5 DODGE 1,9768958242971 19 
3,5 6,4 DODGE 1,06686880142974 14 
3,6 1,7 HIGHLAND 1,29437555714658 17 
3,2 2,7 HIGHLAND 0,384348534279214 4 
2,9 3,1 ROGERS -0,298171732871308 15 
2,9 4,2 ROGERS -0,298171732871308 15 
3,1 2,9 ROGERS 0,156841778562373 13 
2,7 2,5 HIGHLAND -0,753185244304989 6 
3 2,3 HIGHLAND -0,0706649771544675 5 
2,5 3,8 ROGERS -1,20819875573867 7 
3,4 6,2 DODGE 0,839362045712895 2 
3 6,4 DODGE -0,0706649771544675 5 
2,3 6,5 DODGE -1,66321226717235 21 
2,5 2,8 HIGHLAND -1,20819875573867 7 
3,8 6,1 DODGE 1,74938906858026 8 
3,8 6,3 DODGE 1,74938906858026 8 
2,3 3,8 ROGERS -1,66321226717235 21 
3 3,4 ROGERS -0,0706649771544675 5 
2,8 3 ROGERS -0,525678488588149 1 
3,4 6,1 DODGE 0,839362045712895 2 
3,7 6,3 DODGE 1,52188231286342 22 
3,5 6,3 DODGE 1,06686880142974 14 
2,8 2,7 HIGHLAND -0,525678488588149 1 
3 2,8 ROGERS -0,0706649771544675 5 
3,3 1,8 HIGHLAND 0,611855289996054 9 
3,7 6,3 DODGE 1,52188231286342 22 
2,3 4,5 ROGERS -1,66321226717235 21 
